В этом файле находятся сохраненные в ПЗУ настройки данного приложения.
Изменение этого файла никаким образом не повлияет на работу приложения по причине того,
что этот файл всего лишь показывает, как хранятся данные настроек в бинарном файле.

userName:
00000000 00000000 00000000 00000000 00000000 00000000 00000000 00000000 00000000 00000000 00000000 00000000 00000000 00000000 11110000 11111011 11110000 11111011 11101000 11100010 11101000 

musicTheme:
00000000 00000000 00000000 00000000 

onMusicBg:
00000000 00000000 00000000 00000001 

onSoundsWeather:
00000000 00000000 00000000 00000001 

onSounds:
00000000 00000000 00000000 00000001 

designTheme:
00000000 00000000 00000000 00000000 

typeWeather:
00000000 00000000 00000000 00000001 

printChat:
00000000 00000000 00000000 00000001 

messagesChat:
00000000 00000000 00000000 00000001 

specialEffects:
00000000 00000000 00000000 00000001 

improvedAlgGameInterface:
00000000 00000000 00000000 00000001 

raiting:
00000000 00000000 00000011 11101000 

levelUser:
00000000 00000000 00000000 00000001 

countGames:
00000000 00000000 00000000 00000000 

countWins:
00000000 00000000 00000000 00000000 

countLose:
00000000 00000000 00000000 00000000 

minutsInGame:
00000000 00000000 00000000 00000000 

resultsGames:
00000000 00000000 00000000 00000000 00000000 00000000 00000000 00000000 00000000 00000000 00000000 00000000 00000000 00000000 00000000 00000000 00000000 00000000 00000000 00000000 00000000 00000000 00000000 00000000 00000000 00000000 00000000 00000000 00000000 00000000 00000000 00000000 00000000 00000000 00000000 00000000 00000000 00000000 00000000 00000000 00000000 00000000 00000000 00000000 00000000 00000000 00000000 00000000 00000000 00000000 00000000 00000000 00000000 00000000 00000000 00000000 00000000 00000000 00000000 00000000 00000000 00000000 00000000 00000000 00000000 00000000 00000000 00000000 00000000 00000000 00000000 00000000 00000000 00000000 00000000 00000000 00000000 00000000 00000000 00000000 00000000 00000000 00000000 00000000 00000000 00000000 00000000 00000000 00000000 00000000 00000000 00000000 00000000 00000000 00000000 00000000 00000000 00000000 00000000 00000000 00000000 00000000 00000000 00000000 00000000 00000000 00000000 00000000 00000000 00000000 00000000 00000000 00000000 00000000 00000000 00000000 00000000 00000000 00000000 00000000 00000000 00000000 00000000 00000000 00000000 00000000 00000000 00000000 00000000 00000000 00000000 00000000 00000000 00000000 00000000 00000000 00000000 00000000 00000000 00000000 00000000 00000000 00000000 00000000 00000000 00000000 00000000 00000000 00000000 00000000 00000000 00000000 00000000 00000000 00000000 00000000 00000000 00000000 00000000 00000000 00000000 00000000 00000000 00000000 00000000 00000000 00000000 00000000 00000000 00000000 00000000 00000000 00000000 00000000 00000000 00000000 00000000 00000000 00000000 00000000 00000000 00000000 00000000 00000000 00000000 00000000 00000000 00000000 00000000 00000000 00000000 00000000 

version:
00000000 00000000 00000000 00011110 

launch:
00000000 00000000 00000000 00000000 

